data/misc/idu2raster_cs_90m.asc
NCOLS 557
NROWS 401
XLLCORNER 469950.78125
YLLCORNER 4857780.5
CELLSIZE 90
NODATA_VALUE -9999
[rows 340 to 373 of 401, columns 77 to 153 of 557]
69643 69691 70533 69795 70100 70399 70101 69830 69830 69830 69832 69846 70367 69856 69956 69956 69962 69962 70534 70534 69789 69789 70535 70188 70536 70536 70226 69860 69860 70537 70537 70538 69838 70539 69831 70515 70516 70183 70183 70540 70276 70192 70192 70400 70400 69917 69917 70162 70078 69984 69984 69987 69988 70576 69992 70320 69995 69999 69999 70542 70030 70030 70039 70543 70543 70543 70401 70070 70086 70086 70402 70402 70095 70403 70403 70544 70404
70572 70533 70533 70793 70793 70399 70399 69830 69830 70794 70959 70959 70367 70367 70982 70982 70985 70989 70989 70534 71002 71006 71015 70710 70536 70536 70536 69860 69860 70537 70537 70538 70538 70539 70604 70515 70515 70183 70540 70540 70276 70867 70867 70853 70847 70837 70080 70162 69963 70541 70886 70606 70606 70576 70880 70320 70607 70608 70608 70542 70030 70609 70610 70543 70543 70797 70401 70401 70086 70086 70402 70402 70611 70403 70403 70544 70404
71033 71054 71054 71054 71407 70914 69830 70915 70915 70794 71360 70959 70959 70367 70982 70982 70985 71158 71158 70988 71002 71006 71015 70710 71266 71266 71190 71190 71267 71267 71267 70538 70538 70539 70604 71192 71192 71193 71193 71268 71268 71269 71269 71186 71408 70837 70080 70162 71194 71194 70886 71270 71270 71272 71272 71195 71182 71273 71273 71274 71410 70609 71156 71275 71275 71275 70797 71240 71277 71277 71278 70611 70611 71280 70917 70917 70404
71779 71054 71054 71054 71552 71552 71887 71887 70915 71934 71740 70959 70959 71325 71658 71658 70985 71158 71158 70988 71002 71006 71659 71660 71266 71266 71190 71521 71521 71267 71267 71522 70538 71601 71601 71192 71192 71193 71517 71517 72093 71969 71969 71186 71408 71971 71682 71484 71194 71972 70886 71270 71270 71272 72029 71195 71182 71273 71524 71274 71410 70609 71156 71973 71275 71275 70797 71240 71240 71277 71278 70611 70611 71280 72031 70917 70917
71779 72024 71959 71552 71960 71960 71887 71887 71934 71934 72025 72191 72302 72329 72355 71961 70985 72111 72111 70994 71962 71963 71659 71660 71965 71965 71965 71521 71521 71267 71522 71522 71522 71601 71601 71967 71967 72066 72066 72081 72093 71969 71969 71970 71970 71971 71682 71662 71972 72026 72026 72027 72027 72029 72221 72221 71182 71524 71524 72030 71410 71410 71410 71973 72237 72237 72260 72271 71974 71975 71975 71975 71975 72031 71859 71859 71859
71779 72024 72538 72538 72800 72800 72801 73140 72830 72831 72794 72794 72832 72833 72355 72812 72544 72111 72111 72825 71235 71659 72545 72835 72836 72836 72370 72699 72699 72837 72837 72838 72839 72839 72840 72841 72841 72842 72546 72546 72843 72844 72846 72846 72846 72689 72848 72927 72700 72849 72850 72851 72851 72029 72852 72852 72854 72854 72854 72030 72855 71410 72750 72815 72237 72260 72856 72856 72858 72858 72859 72860 72860 72031 71859 72803 72803
72935 73460 73460 72800 72800 72800 72801 73140 72830 72831 72794 72794 72832 72833 73241 73241 72812 72111 72111 72825 72834 72545 73256 72835 72836 72836 72370 72370 72699 72837 72837 72838 72839 73432 72840 72840 72841 72842 72546 73141 72843 72844 73332 73334 73334 72689 73330 72927 72700 72700 72850 72851 72851 73142 72852 72852 73072 73542 72854 73143 72855 71410 72750 72815 72936 72260 72856 72856 72858 73472 72859 73287 73578 73289 71859 73290 72803
73726 73460 73460 73460 73728 73728 73635 73140 73907 73697 73729 73729 73598 73598 73731 73731 72812 72111 72111 73136 73700 -9999 73845 73732 73923 73923 73733 73734 73734 73735 73735 73736 73736 73737 73737 73737 72841 72842 72546 72843 72843 72843 73738 73738 74109 73330 73739 73739 73740 73740 73741 73742 73742 73745 73746 73746 73072 73542 73542 73143 72855 72855 72855 72855 72936 72260 73748 73749 73472 73472 73473 73287 73578 73289 73290 73290 72803
74473 74475 74134 74134 73728 74476 73635 74465 74465 74478 74321 74479 74326 74328 74324 74324 74322 74310 74310 74350 74292 74292 74313 74441 74319 74319 74316 74315 74312 74309 74320 74301 74297 74297 74296 74294 74294 74284 74246 74480 74480 74226 74226 74109 74175 74175 73739 73739 74138 73740 73741 74451 74451 74481 74482 74482 73072 74484 74484 73143 74485 74485 74238 74238 74582 74592 74596 73749 74423 73472 74489 74490 74490 74625 74625 73290 74618
74473 74475 74134 74134 74476 74476 75004 75025 75028 75030 75036 74479 74326 74328 74324 74324 74324 74322 74829 74861 74861 74864 74648 74613 74319 74319 74316 74315 74314 74320 74320 74301 74297 74297 74296 74294 74294 74284 74247 74480 74480 74226 74225 74830 74658 74658 74739 74739 74898 74898 74751 74858 74481 74481 74482 74482 74831 74976 74484 74484 74485 74485 74238 74238 74591 74592 74592 74609 74423 74423 74782 74660 74660 74625 74625 74623 74622
75239 75421 75241 75241 75416 75093 75004 75025 75028 75242 75242 75207 75243 75243 75245 75245 75091 75091 75246 75246 74863 74864 74648 74613 75248 75248 75249 75422 75424 75250 75250 75251 75252 75252 74296 75234 75234 75253 74247 75254 75254 75425 75111 75320 75255 75256 75257 75258 75259 75214 75214 74858 75159 75159 75260 75260 75215 75215 75215 75215 75262 75262 74238 74238 74592 74592 74592 75263 75264 75264 75265 75157 75157 75266 74623 74623 75060
75665 75421 75832 75832 75541 75541 75962 75028 75939 75939 75939 75207 75243 75243 75947 75947 75947 75963 75964 75964 75707 -9999 75702 75702 75965 75965 75708 75422 75424 75966 75966 74972 75967 75542 75542 75922 75922 75253 75709 75709 75425 75704 75320 75320 75968 75942 75943 75943 75969 75970 75214 75544 75505 75505 75260 75260 75215 75215 75215 75215 75262 75973 75522 75774 75545 74592 74592 75975 75976 75976 75977 75806 75806 75951 75933 75978 75979
76297 75961 75832 75832 75541 75541 76310 76316 76316 76322 76324 76324 76327 76328 76330 76331 75947 76332 76333 76334 76334 76319 -9999 76313 76313 76313 76075 76353 76059 76340 76287 76159 75967 76201 75783 75922 76047 76375 75709 75425 75425 75425 76251 75968 75968 75942 75943 75943 75969 75970 75970 76162 75971 75971 76163 75260 76062 76194 76194 76253 75973 75973 75973 76046 75545 75545 75975 75975 75976 75976 75977 76151 76183 76190 75978 75978 75979
76606 76588 76608 76608 76600 76600 76310 76316 76316 76316 76771 76771 76327 76328 76328 76531 76609 76609 76333 76334 76835 76786 -9999 -9999 76552 76552 76353 76353 76486 76610 76513 76685 76592 76592 76611 76612 76613 76375 76379 76379 76396 76396 76400 76582 76582 76350 76614 76614 76615 76616 76616 76162 75971 75971 76163 76344 76557 76062 76253 76253 76617 76617 76046 76046 76507 76507 76507 76618 76619 76619 76707 76523 76794 76204 76620 75978 75979
76606 77190 76608 76608 76600 76600 76846 76316 76316 76964 76964 76964 76327 76328 76328 77101 77101 77101 -9999 76966 77109 76967 76967 76877 76877 77145 76569 76569 76847 76513 76513 76685 77214 76592 76611 76613 76613 76375 76379 76379 -9999 77077 77219 76582 76582 77221 77175 77175 76615 76969 76616 76162 76850 76850 76344 76344 76557 76557 76253 76851 76851 77224 76046 76046 77225 76507 76852 76852 76619 76707 77229 76523 76794 76875 76620 76620 76853
77208 77190 77395 77375 77381 77381 77194 77194 77194 77498 76964 77396 77396 77210 77335 77335 77397 77397 77341 76966 77109 76967 77499 77599 77213 77447 77422 77534 77534 77535 77535 77107 77478 77448 77448 77445 77215 77216 77501 77219 77219 77219 77219 77434 77441 77442 77175 77175 77175 76969 77222 77222 76905 76850 76344 76344 77347 77347 76851 76851 77224 77224 77225 77225 76970 76970 77226 76852 77227 77228 77229 77230 77122 76875 76620 77231 76853
77791 77793 77794 77794 77683 77683 77712 77498 77498 77498 77580 77580 77396 77481 77887 77887 77885 77931 77341 77341 78002 78003 78003 77599 77721 77901 77567 77534 77534 77535 77535 77933 77933 -9999 77478 77445 77215 77600 77904 77723 77723 77723 77603 77434 77795 77796 77771 77771 76969 76969 77797 77797 77798 77798 77799 77799 77347 77347 76851 77869 77872 77874 77874 77879 77879 77892 77897 77897 77804 77576 77576 77577 77122 77805 77805 77784 77784
78020 78029 78036 78036 78050 78050 78050 78058 78058 78058 78058 78058 78066 78065 78076 78112 77931 78227 78099 78328 78002 78003 78003 78108 77721 77901 78195 78195 78019 77535 77535 78083 78114 78114 78187 78166 78166 78115 78115 78116 78116 78006 78006 78400 77795 77796 78170 78176 78176 78190 78220 78220 78228 78243 78291 78291 78247 78250 78250 77872 77872 77874 77874 78120 78199 77892 78146 78146 78163 78163 78269 78269 78299 78280 78280 78280 78333
78399 78514 78514 78640 78641 78050 78050 78050 78050 78502 78223 78223 78395 78065 78076 78642 78611 78611 78548 78328 78328 78699 78003 78602 78739 78713 78713 78624 78468 78468 78083 78083 78114 78644 78187 78166 78166 78115 78116 78331 78331 78331 78686 78634 78400 78515 78169 78176 78402 78402 78228 78228 78228 78234 78645 78247 78247 78247 78250 78394 78332 78332 77874 78120 78120 78199 78199 78646 78163 78584 78584 78299 78299 78184 78280 78280 78333
78984 79036 79036 79036 78641 78641 78792 79044 79044 78502 78223 78908 78908 78065 78076 79140 78873 78611 78548 78666 78666 78832 78832 78791 78739 79045 78970 78970 78971 78468 78985 78083 79034 78644 78761 78761 78166 78166 78877 78331 78331 78331 78686 78878 78878 78762 78169 78402 78402 78402 78228 78228 78228 78234 78645 78645 78879 79046 79046 79047 78986 78987 79048 78988 78120 79050 78199 78787 78781 78989 78758 78881 79051 79051 79031 79031 79033
78984 79036 79241 79241 79245 79245 79320 79419 79419 78502 78502 78908 78908 79371 79263 79258 79254 79254 79253 79252 79259 79492 79421 79268 79260 79260 79264 79270 79270 79273 79274 79274 79274 79274 79517 79315 79315 79232 79422 79249 79406 79257 79275 79306 79306 79311 79326 79326 79349 79349 78228 78228 78228 78234 78645 78645 78879 79046 79046 79280 79281 79281 79048 78988 78988 79424 79199 78787 78781 78989 78758 78881 78881 79051 79031 79031 79032
78984 79584 79584 79584 79609 79609 79788 79788 79553 79577 79577 79577 79371 79371 79511 79515 79611 79611 79253 79252 79589 79492 79420 79421 79612 79612 79267 79829 79829 79830 79832 79855 79856 -9999 79789 79315 79315 79232 79422 79422 79257 79257 79549 79614 79614 79615 79461 79562 79580 79580 79616 79616 79616 79587 79617 79617 78879 79751 79504 79504 79618 79618 79423 79323 79323 79693 79693 79519 79519 78781 79619 79746 79620 79620 79051 79569 79032
79940 79941 79996 80160 80160 80160 80161 80035 80035 79942 80164 80164 79989 80069 80069 79224 79224 79854 79854 79943 80171 80172 79420 80173 80175 80175 80176 79829 80112 79830 79832 79832 79856 79833 79858 79944 79944 79889 79889 79888 79257 79257 79257 79549 79614 79615 79461 80179 79580 79580 80074 80154 79882 79882 79891 80052 79898 79900 79900 79904 79907 79907 79909 80090 79932 80183 80183 80152 80153 80153 79919 79921 79921 79928 79930 79931 79790
79939 80431 79941 80499 80160 80160 80161 80330 80330 80275 80248 80349 79989 80432 80299 80303 80307 80308 80308 80433 80331 80332 80173 80173 80175 80175 80176 80333 80384 80178 80316 80316 80316 80459 80477 -9999 80353 80358 80358 80360 80360 80435 80362 80363 80367 80367 80371 80371 80377 80377 80074 80074 79882 79882 79891 80052 79898 79898 79900 79904 80182 79907 80464 79932 79932 80183 80183 80152 80153 80153 79919 79921 79921 80252 79928 79931 79790
80644 80601 80499 80499 80537 80537 80602 80483 80483 80275 80592 80585 80391 80392 80432 80603 80574 80574 80633 80433 80647 80648 80648 80649 80650 80650 80650 80384 80384 80651 80651 80316 80804 80429 80761 80571 -9999 80496 80496 80360 80360 80435 80546 80362 80475 80436 80597 80462 80652 80377 80074 80074 80074 80640 80640 79895 80354 80653 80653 80437 80513 80514 80464 80573 80493 80655 80656 80656 80656 80657 80658 80559 80559 80631 80631 80497 80626
80890 80601 80601 80995 81068 80602 80602 80483 80483 81020 81028 80977 80985 80985 80432 80603 80574 80574 81071 81072 81073 81073 81074 81075 81076 81076 80650 80821 80384 80651 81080 81055 80804 80429 81081 80477 80891 80948 -9999 80845 80892 80892 80892 80893 80796 80475 80911 81024 81019 80377 80997 80074 80074 80640 80993 80868 80354 80653 80653 80654 80999 80999 80894 80573 81000 81000 81089 80896 80897 80897 81090 81061 81061 80631 81093 81094 80626
81250 80994 81037 80995 81068 81068 81069 81233 81028 81028 81028 80977 81174 81174 81070 81070 80603 81071 81071 81072 81073 81073 81074 81075 81076 81076 80946 81077 81078 81080 81080 81055 81055 81373 81081 81380 81256 80948 81204 81352 81038 80892 80892 80892 80796 81227 80475 81024 81340 80996 80997 81084 81085 81257 80993 81361 81086 81087 81088 81348 80999 80999 81230 81230 81234 81234 81089 80896 80897 80897 81090 81061 81061 81175 81093 81093 81094
81618 81587 81587 81780 81780 81780 81843 81675 81677 81682 81686 81692 81704 81704 81853 81619 81405 81405 81620 81622 81073 81073 81074 81624 81625 81625 81536 81077 81821 81824 81824 81830 81371 81371 81406 81711 81711 80948 81204 81401 81352 81352 81537 80892 81296 81515 81357 81888 81760 81760 81628 81712 81713 81538 81538 81361 81429 81088 81348 81229 81408 81540 81629 81630 81630 81631 81631 81632 81541 81541 81541 81542 81542 81175 81633 81633 81634
81618 81997 81795 81917 81917 81917 82043 81918 81918 81682 81686 81692 81886 81907 81853 81919 81405 81405 81620 81622 81622 81623 81623 81624 81625 81536 81536 81920 81920 81824 81824 81830 81830 81371 81378 81784 81884 82000 81883 81673 81922 81352 81537 81980 81296 81296 81296 82059 81908 81908 81887 81887 81887 81887 82057 81603 82092 81913 81913 81923 81898 81540 81629 81630 81971 81631 81631 81632 81541 81541 82072 81542 81542 81175 81633 81633 81988
82068 82322 82119 82119 81917 82322 82043 82226 82226 82054 82121 82122 82070 82290 82123 82124 81919 82125 82127 82127 81622 81623 81623 82128 82372 82129 82129 81920 81920 82131 82131 81830 82132 82280 82280 82283 81884 82000 81883 81673 81922 82199 82315 81980 81296 82314 82229 82229 82059 82059 82227 82227 82227 82227 82057 82212 82212 82293 81923 81898 81898 81898 82134 82071 81971 82105 82105 81632 81632 82231 82072 82136 82136 82233 82233 82073 81988
82068 82646 82646 82662 82634 82593 82597 82598 82598 82054 82054 82617 82621 82626 82633 82633 82637 82643 82613 82503 82504 82504 82504 82505 82372 82372 82506 81920 81920 82509 82509 82498 82510 82442 82280 82283 -9999 82291 82291 81673 81922 82512 82513 82315 82432 82514 82443 82443 82443 82443 82227 82227 82227 82230 82230 82212 82212 82293 82515 82429 82516 82516 82517 82517 82518 82518 82477 81632 81632 82520 82522 82136 82136 82233 82233 82073 82523
82658 82646 82873 82873 82835 82596 82596 82598 82598 82600 82617 82617 82621 82626 82630 82633 82637 82643 82613 82613 82631 82504 82504 82849 82372 82372 82506 82508 82508 82831 82831 82498 82510 82442 82280 82701 82701 82701 82843 82707 82511 82738 82315 82315 82432 82850 82443 82669 82669 82670 82671 82611 82629 82851 82230 82212 82846 82853 82666 82429 82516 82516 82517 82517 82854 82519 82519 82780 82733 82733 82736 82769 82769 82233 82233 82746 82523
-9999 82903 82903 83008 82839 82945 82945 83009 83009 83133 83279 83279 83011 83269 83012 82633 83013 83013 83129 83014 83014 82504 82946 82849 83015 83015 83016 83018 83018 82831 83127 83127 83195 83193 83186 83172 83128 83128 82843 83021 83022 82738 82738 82785 82893 82850 83076 82669 82669 82670 82949 83077 83077 82851 82973 82974 83007 82853 82853 83023 83023 83024 83024 82854 82854 82936 82936 82780 83026 83026 83078 83079 83079 83027 83027 82746 83028
-9999 -9999 83292 83292 83360 82945 83430 83009 83009 83133 83432 83432 83433 83269 83413 83434 83435 83013 83129 83435 83014 83014 83241 83436 83436 83367 83437 83409 83409 83517 83519 83438 83439 83243 83243 83424 83424 83372 83321 83440 83441 82738 83369 83298 83333 83076 83076 83198 82669 82670 82949 83077 83373 83314 82973 82974 83412 83444 83444 83411 83365 83365 83331 83331 82854 83445 83445 83374 83447 83447 83448 83079 83079 83311 83375 83375 83364
