data/misc/idu2raster_cs_90m.asc
NCOLS 557
NROWS 401
XLLCORNER 469950.78125
YLLCORNER 4857780.5
CELLSIZE 90
NODATA_VALUE -9999
[rows 272 to 305 of 401, columns 231 to 307 of 557]
43535 43580 43580 43581 43582 43582 43747 43391 43156 43156 43529 43529 43408 43748 43328 43629 43629 43304 43749 43316 43316 43493 43584 43584 43585 43694 43694 43751 43751 43368 -9999 43587 43264 43121 43378 43374 43589 43589 43796 43793 43782 43532 43532 43823 43590 43590 43591 43756 43441 43357 43634 43634 43141 43314 43463 43284 43285 43698 43698 43789 43789 43789 43592 43527 43528 42978 43593 43593 43842 43848 43854 43687 43898 43460 43701 43067 43857
44100 44102 44102 44115 44115 44123 44124 44124 44468 44468 44450 44431 44269 44256 44256 44240 44240 44242 44253 44253 44257 44257 44261 44261 44263 44263 44172 44397 43945 43945 44227 44227 44234 44235 44255 44247 44337 44337 43796 43793 43793 44016 44282 43823 43590 43755 43755 44338 44339 43357 44059 44070 44364 44364 44277 43979 43285 43698 43975 43975 43789 44283 44420 44420 44417 44421 44341 44342 43842 43842 44386 44199 44200 43460 43701 43701 43857
44100 44534 44336 44115 44115 44123 44663 44663 44791 44746 44746 44729 44729 44821 44821 44831 44721 44906 44462 44645 44645 44535 45054 44286 44286 44800 44595 44692 44888 43945 44227 44771 44234 44235 44255 44247 44337 44337 44548 43793 44016 44016 44282 44536 44537 44537 43755 44338 43756 43357 44810 44575 44364 44364 44808 44709 44786 44708 44413 43975 44720 44647 44432 44420 44417 44774 44342 44648 43842 44386 44386 44797 44714 44714 44628 44628 44614
44100 44924 44336 44998 44998 44999 44999 44663 45151 45242 45431 44847 45048 45193 45194 44831 44721 44906 44892 45001 45002 45002 45229 45229 45229 44800 45003 45003 -9999 45143 44771 44771 45373 45232 45391 44247 45006 45305 44548 45079 45344 45345 45037 45342 44736 45338 45008 45328 45325 45270 44810 44575 44518 44518 44276 45293 45134 44786 45263 44720 44720 45147 44432 45009 45009 44774 45011 44959 45012 45093 45307 45307 45296 44714 44628 45206 45074
45498 45498 45638 45639 45639 45508 45508 45508 45445 45445 45431 45755 45193 45193 45368 45287 45398 44906 45641 45573 45584 45584 45369 45229 -9999 -9999 45743 45711 45282 45579 45372 45372 45643 45373 45391 45402 45308 45409 44548 45567 45344 45345 45417 45644 45645 45645 45328 45328 45328 45270 45455 45455 44518 45286 45286 45293 45293 45263 45263 45387 45387 45147 45147 45499 45375 44774 44774 44959 45012 45307 45307 45501 45501 45478 45478 45206 45438
46121 46130 46136 46122 46123 46089 46089 46034 46220 46220 46221 45883 45881 45869 45869 45845 45844 45640 45641 45641 46070 45584 -9999 45922 45800 45743 45743 45863 46180 46181 46185 46186 46187 46191 45402 45402 46199 45409 45695 46216 45787 45787 45417 46285 46230 46230 46230 46230 46243 46159 45876 45879 45878 45874 45874 45873 45872 45870 45868 45868 45864 45987 45849 45849 45917 45917 45917 46192 46207 46158 46158 46156 46153 46151 46144 46133 46133
46372 46372 46562 46123 46123 46374 46374 46375 46220 46620 46581 46239 46470 45881 46279 46279 46279 46512 -9999 -9999 46538 46519 46519 46602 46431 46431 46263 46263 46325 46181 46513 46513 46187 46191 46460 46460 46563 46563 46564 46216 45787 46299 46285 46285 46583 46583 46574 46308 46243 46617 44134 45879 46629 46296 46296 45873 46520 46518 46379 46379 45987 45987 45849 45849 46424 46424 46424 46192 46207 46207 46158 46153 46381 46381 46147 46133 46125
46372 46875 46875 47022 46123 47024 47024 46375 47027 46620 46820 46829 46844 45881 -9999 -9999 46914 46793 46793 46848 46651 46853 46853 46908 46602 46431 46459 46459 46736 46737 46735 46513 46643 46964 46964 46966 46967 46563 46744 46817 46817 46299 46968 46771 46811 46798 46798 47017 47017 46617 46617 46876 46629 46629 46784 46695 46922 46923 46970 46970 46971 46120 46120 46856 46856 46835 46835 46824 46972 46972 46846 46973 46878 46878 46974 46704 46733
46875 46875 46875 47022 47023 47024 47024 47026 47027 47027 47363 47363 47182 -9999 47112 47059 46905 46793 46793 46793 47398 47134 47134 46908 47055 47074 47245 47229 46736 46737 47052 47052 47132 46964 46964 46966 46967 46563 46744 47075 46817 47361 46968 46771 47123 47116 47241 47017 47017 47264 47264 46876 47183 47108 47108 47108 46922 46922 47162 46970 46971 46120 46120 46856 47076 47077 47077 46824 47350 47350 47350 46973 46878 47078 46974 46704 46733
47547 47547 47266 47548 47521 47667 47667 47925 47498 47498 47363 47363 -9999 47500 47144 47059 47397 47671 47671 46793 47398 47495 47495 47606 47607 47675 47245 47431 47321 46737 47551 47551 47552 47609 47609 47610 47553 47553 47611 47438 47369 47361 47361 47612 47400 47505 47693 47327 47669 47772 47772 47556 47556 47735 47108 47224 46922 46922 47613 47613 47614 47783 47783 47522 47522 47077 47077 47714 47698 47698 47467 47557 47691 47615 47558 47403 47403
48067 48068 48352 48352 47521 48217 48217 47925 47926 48030 48030 48034 48116 48117 48117 48050 48089 48197 47671 48085 48085 48020 47866 47866 47908 48236 47997 48032 48162 48162 48159 47551 48198 48353 48353 48071 47553 47553 48355 47438 47733 47733 48288 48225 47790 47505 47693 48038 48038 48283 48150 48150 48266 48210 48210 48177 48292 47981 48179 47987 47987 47783 47784 48131 48131 48132 48132 48053 48004 48004 47467 47467 48201 48201 47402 48103 48103
48068 48068 48068 48425 48457 48708 48708 47926 47926 48030 48814 -9999 48765 48534 48534 48534 48542 48512 48512 48085 48085 48441 48441 47866 48727 48458 48600 48440 48607 48601 48679 48427 48680 48561 48071 48071 48071 48354 48355 48664 48664 48562 48288 48395 48395 48648 48648 48648 48604 48283 48386 48652 48652 48696 48732 48804 48563 48563 48712 48752 48516 48516 48590 48590 48590 48593 48593 48593 48461 48468 48468 48682 48201 48201 48201 48684 48103
49122 48068 49025 48425 49026 49027 49123 48894 48930 48814 -9999 48888 48973 48976 49064 49064 49080 49030 49031 48848 48848 49181 48938 49157 48949 48949 48783 48783 49154 49147 48892 48679 49032 48561 49033 49033 48919 48354 48354 49124 49035 48865 48865 48395 48803 48803 49037 48897 48897 48819 48920 49125 49125 48963 48804 48804 48804 48563 48972 48977 48752 48932 48933 48937 48946 48946 48950 48858 48461 48874 48468 48805 49038 49038 48876 48837 48837
49188 49122 49025 48425 49026 49637 49123 49313 49450 49307 49430 49271 49453 49453 49453 49064 49080 49030 49703 48848 49216 49181 49218 49218 49157 48949 49380 49380 49154 49677 48892 49219 49469 49442 49442 49033 48919 48919 49034 49124 49220 49470 48865 49221 49221 49221 49037 49488 49488 49342 49343 49125 49125 49344 49294 49344 49285 49280 48972 48977 48977 49261 48933 48933 48950 48950 48950 48858 48461 48874 49345 49345 49038 49346 49595 48837 49222
49960 49960 49956 49955 49953 49949 49949 49944 50057 50057 -9999 50061 50061 50076 50076 50087 50079 50079 50144 50141 50140 50136 50106 50109 49547 50110 50110 50110 50098 50098 48892 48892 49469 50187 50036 49704 48919 48919 49705 49567 49952 49470 49989 49990 50077 50077 50063 50063 50051 50049 50020 50020 50017 49975 49928 49891 49891 50121 49706 49820 49820 49820 50037 50038 49935 49935 49938 49931 49931 49914 49966 49923 49923 49920 49922 49939 49939
50577 50434 49956 50647 49953 49949 49949 49949 50230 50230 50060 50484 50484 50383 50087 50087 50435 50435 50436 50437 50437 50438 50106 50109 50112 50110 50324 50324 50328 50328 50361 50202 50187 50187 50036 50439 50440 50440 50441 50441 49952 50338 50364 50278 50278 50279 50444 50063 50049 50049 50445 50445 50017 49975 50446 50446 50447 50121 50280 50376 50376 50281 50281 50038 50038 49935 49938 49931 49914 49966 49966 49923 49923 50266 49922 49939 50567
50577 50576 50576 50647 50647 50644 50638 50639 50571 50585 50842 50842 50757 50757 50844 50087 50606 50435 50436 50607 50438 50438 50109 50112 50705 50709 50608 50324 50485 50485 50361 50361 50187 50800 50439 50439 50440 50440 50441 50441 50338 50710 50364 50711 50278 50279 50444 50609 50609 50801 50445 50445 50712 50610 50713 50802 50802 50611 50280 50376 50376 50281 50636 50714 50715 49935 49938 49938 49931 49966 49966 50486 50486 50266 49922 50567 50069
51092 51094 51094 51098 51101 51099 51099 51150 -9999 -9999 50842 50842 51134 51201 51198 51161 51161 51065 51065 51065 50932 50932 50932 50112 51329 -9999 51309 51066 51087 51087 51219 51219 50984 50800 50985 50985 50985 50986 50986 50922 50338 51310 50987 50711 50711 50989 50990 50609 50609 50801 50801 50991 50712 50610 50875 50875 50930 51272 51272 51216 51216 51215 51215 50715 50715 51097 51097 51097 50876 49966 49966 50486 50486 50753 50993 50925 50925
51649 51654 51660 51674 51674 51688 51691 51698 -9999 -9999 51501 51501 51134 51134 51198 51161 51161 51612 51668 51668 51665 51664 51662 51329 51672 51419 51566 51616 51616 51363 51379 51379 51529 50800 50800 51530 51433 51433 50922 50922 51485 51617 51618 51311 51312 51312 50990 50990 51377 51377 51481 51481 51481 51619 51435 51675 51670 51496 51574 51555 51555 51651 51215 51376 50715 51532 51097 51097 51479 51479 51437 51314 51294 51294 50993 51533 51533
51634 51654 51660 51674 51674 51688 51698 -9999 -9999 51825 51837 51993 51891 51891 51818 51827 51833 51612 51668 51668 51665 51664 51662 51745 51672 51836 51941 51616 51835 51869 51379 51529 51529 51658 51658 51530 51433 51433 50922 50922 51960 52053 51618 51434 51312 51312 50990 50990 51377 51961 51481 51481 51481 51619 51963 51675 51670 51496 51574 51555 51902 51651 51651 51376 51376 51376 51490 51490 51490 52054 51437 51437 51294 51746 51746 51533 51533
52454 52381 52383 52378 52376 52323 -9999 52528 52001 52001 52114 52032 52032 52438 51982 52266 52267 52268 52268 52268 52269 52270 51662 52271 52272 51836 52339 52273 52273 52274 52013 52276 52277 52278 52278 52279 52280 52280 52281 52281 52053 52053 52282 52282 52283 52283 52078 51377 51961 51961 52284 52284 52285 52286 52418 52407 52400 52401 52416 52414 52415 52421 52417 52413 52410 52411 52451 52451 52290 52054 52054 51437 52353 52353 51746 52079 52079
52454 52381 52607 52607 52607 -9999 52611 52611 52665 52666 52666 52687 52687 52836 52554 52578 52636 52678 52678 52268 52840 51662 52842 52842 52272 52529 52637 52273 52737 52738 52052 52052 52846 52278 52278 52847 52847 52667 52638 52638 52705 52848 52848 52640 52775 52791 52078 52590 52590 52660 52284 52284 52739 52851 52794 52479 52400 52416 52416 52414 52691 52421 52421 52722 52504 52658 52686 52451 52451 52054 52641 51437 52353 52353 51746 52893 52079
52958 52962 53321 52607 -9999 53020 52918 52919 52978 52978 52835 53198 53198 53070 52554 52554 53322 52838 52678 52839 52840 53022 52842 52842 52843 52920 52637 52921 52737 52738 52052 52052 52951 52846 53153 52847 52847 52667 52638 52638 52705 52848 52848 52640 52775 52791 52791 53023 52590 52660 52850 53024 52739 52851 52794 52895 52779 52416 52416 52957 52691 53246 53243 53243 53242 52658 53241 53241 52922 52922 52922 52353 52353 52888 52889 52893 52893
53716 53677 53677 -9999 53453 53453 53529 53553 -9999 53737 53728 53728 53728 53726 53725 53725 53723 53736 53735 53732 53732 53730 53662 53662 53664 53664 53586 53586 53579 53579 53528 53528 53459 53153 53153 53560 53560 53561 53562 53654 53654 53623 53623 53608 53645 53638 53619 53587 53582 53582 53580 53580 53517 53513 53678 53697 53486 53390 53390 53392 53392 53246 53243 53243 53242 53242 53241 53241 53241 52923 52923 52923 53461 53699 53699 53827 53462
54268 53975 53975 -9999 53840 53529 53529 54186 53849 53919 54081 54081 54081 54030 53725 54031 53723 54191 53735 53732 53732 53730 53662 53929 53929 53876 54193 53586 53770 54033 53921 54035 53459 53153 53153 53560 53560 53561 53521 53983 53962 53962 53623 53979 53934 53645 53638 53587 53993 53995 53959 53959 54200 53825 53825 53697 53486 54203 53390 53392 53407 53868 53868 54055 53872 53872 53241 53241 52923 52923 52923 52923 53826 53826 53699 53827 53827
54268 54472 54358 54185 54185 54336 54336 54186 54575 54575 54575 54575 54575 54030 54031 54031 54189 54388 54191 54599 54597 53874 54591 54593 54598 54598 54359 54359 54033 54033 54035 54035 54194 54195 54195 54196 54197 54197 54198 54360 54360 54361 54350 54350 54253 53645 53645 53638 54362 54362 54484 54366 54564 54485 54201 53486 53486 54203 54118 54118 54367 54339 54339 54055 54055 54369 54369 54369 54296 54370 54370 54370 54371 54371 54332 54372 54372
54614 -9999 54823 54763 54763 54582 54708 54824 -9999 54740 54740 54740 54615 54615 54615 54031 54660 54888 54825 54826 54597 53874 54591 54986 54598 54757 54827 54828 54828 54829 54035 54035 54830 54831 54831 54832 54833 54833 54269 54834 54834 54638 54361 54875 54835 54666 53645 53645 54362 54362 54484 54616 54564 54632 54836 54271 54271 54777 54837 54837 54838 54007 54007 54055 54055 54617 54369 54369 54296 54370 54955 54955 54371 54961 54332 54372 54618
55037 55035 54823 54823 54582 54582 54708 54824 55047 55015 54963 54963 54963 54615 55379 55361 54660 55026 55026 54826 54597 54597 53874 55355 55322 55322 55269 54828 55283 54911 55038 55038 55086 55086 54831 55392 54987 54987 54269 54834 55376 55373 55373 -9999 55369 55369 53645 55364 55362 55362 55353 55091 55354 54632 55311 55311 55463 54777 54837 54837 54837 54837 54990 54991 54055 54617 54617 55337 55093 55289 55290 54955 54962 54961 54958 55066 54618
55037 55456 55541 55541 55552 55554 55556 55757 -9999 55555 55504 55504 55504 55648 55379 55649 55361 55650 55459 55459 55519 55519 55358 55355 55355 55322 55778 55283 55545 55280 55038 55038 55592 55393 55393 55392 55392 55374 55387 55462 55462 55373 55373 55369 55510 55510 55492 55362 55362 55362 55508 55508 55508 55348 55311 55463 55463 54776 55654 55654 54837 55466 54991 54991 55534 55534 55337 55337 55289 55289 55290 55290 54962 55338 54956 55066 55066
56154 55873 55873 55541 56028 56028 55757 55980 -9999 55957 55856 55856 55856 56124 56029 56029 56176 55650 55459 56125 56125 55519 55363 55651 55777 55748 55778 56051 55280 55876 55876 55591 55969 55969 55969 56126 55781 55781 55387 55387 56128 55564 55564 56129 56130 55510 55492 55362 55362 55362 56030 55508 55508 55750 55891 56131 56131 56132 56133 56133 55783 55783 55534 55534 55534 55534 55920 55784 55784 55785 56031 54962 54962 55902 55902 55939 55943
56224 56560 56327 56492 56552 56545 56545 56540 -9999 56299 56293 56293 56293 56124 56029 56176 56176 56350 56298 56125 56125 56267 56267 56264 56261 56261 56258 56303 56303 55876 55876 56174 55969 56351 56351 56126 55781 55781 56493 56127 56272 56273 56273 56325 56325 56325 55492 56262 56521 56521 56352 56494 55750 55750 55891 56199 56353 56132 56133 56133 56354 56631 56200 56392 56392 56355 55920 55784 55784 56216 56216 56201 56201 55902 56497 55939 55943
56192 56854 56327 56492 56778 56778 56778 56540 -9999 56906 57057 56879 56879 56779 56780 56780 56999 56781 56781 56781 56782 56782 56264 57069 56840 56840 56783 56783 56647 55876 56507 56174 56784 56351 56351 56785 56978 56786 56493 56787 57023 56629 56979 56728 56717 56717 56980 56600 56600 56678 56896 56494 56495 55750 55750 55750 56353 56132 56133 56983 56354 56984 56984 56392 56392 56355 55920 56986 56632 56216 56216 -9999 -9999 -9999 -9999 -9999 -9999
57382 57403 57413 57634 57428 57428 57462 57604 -9999 57636 57519 57519 57530 57584 57533 57534 57536 57536 57538 57538 57539 57539 57539 57548 57549 57556 57577 57566 57566 57569 57571 57574 57575 57578 57580 57586 56978 57591 57592 57592 57595 -9999 57643 -9999 57644 57644 57597 57589 -9999 57587 57581 57581 57570 57570 57570 57570 -9999 57735 -9999 57448 57637 57508 56984 57509 56985 56985 57511 56986 56216 56216 57166 57168 57182 57512 57512 57191 57726
57868 57403 57634 57634 57635 57827 57824 57604 57636 57636 57821 57747 57747 57584 57840 57840 57536 57912 57912 57973 57869 57869 57797 57797 57815 57870 57577 57738 57566 57569 57571 57574 57575 57578 57578 57586 57590 57591 57592 57592 57595 -9999 57643 57646 57871 57871 57725 57589 57748 57587 57581 57581 57570 57570 57812 57812 57750 57761 57875 -9999 -9999 57955 57955 57955 57955 57955 57955 -9999 57940 -9999 57946 57168 57512 57512 57512 57726 57726
