data/misc/idu2raster_cs_90m.asc
NCOLS 557
NROWS 401
XLLCORNER 469950.78125
YLLCORNER 4857780.5
CELLSIZE 90
NODATA_VALUE -9999
[rows 272 to 305 of 401, columns 308 to 384 of 557]
43402 43923 43145 43417 43333 43670 43816 43451 43810 43810 43977 44004 43865 43879 43879 42827 42827 -9999 -9999 43758 43758 43832 43632 43632 43833 43443 43595 43444 43444 43444 43855 43855 43667 43648 43648 43661 43926 43926 43685 43759 43759 43759 43509 43866 43866 43914 43916 43974 43702 43620 43909 43689 43719 43907 43969 -9999 -9999 43762 43456 -9999 -9999 43763 43763 43728 43811 43785 43785 43785 43772 43411 43411 43642 43643 43646 43651 43844 43844
44013 44003 44290 44290 44150 44401 44296 44296 44224 43977 44004 44004 44201 43879 44202 44414 44387 -9999 -9999 44005 44005 43832 43833 43833 43833 43834 44295 44344 44345 44203 44260 44260 44023 44459 44476 -9999 43959 43959 44346 44347 44347 44226 44239 44239 44402 43878 43914 44380 44162 44162 44162 44374 43957 44411 44411 44381 44381 44430 44219 44219 44187 -9999 -9999 43728 43728 44289 43785 44177 44419 44268 44268 44274 44385 44385 44469 44469 44482
44614 44579 44670 44670 44150 44466 44466 44691 44224 44224 44650 44004 44201 44202 44202 44387 44387 -9999 -9999 44777 44777 43832 43833 43833 43833 44295 44295 44344 44344 44203 44584 44584 44789 44459 44476 44476 44488 44488 44346 44347 44347 44652 44652 44239 44402 43878 44778 44679 44679 44162 44162 44630 44717 44801 44165 44381 44381 44742 44743 44743 44743 44743 44744 -9999 -9999 44667 44271 44177 -9999 44268 44268 44825 44794 44794 44469 44469 44482
45074 45130 45139 45139 45185 45185 45254 45288 45014 45015 45233 45233 44004 44776 44202 44387 44387 -9999 -9999 44777 44777 45235 45118 45118 45016 44295 45017 45236 45120 44890 45347 45347 45351 45351 44576 44576 45018 45259 45174 45042 45042 45049 45049 44842 45406 44778 44778 45020 45020 45122 45123 44717 45064 45071 -9999 44381 44878 45200 45067 45067 45067 45063 45061 44813 45142 -9999 -9999 44271 -9999 45072 45072 45249 45189 44884 44885 45132 45397
45438 45451 45139 45447 45185 45254 45648 45288 45376 45649 45649 45650 45651 45653 45477 45340 44387 -9999 45235 45235 45235 45235 45503 45503 45119 45017 45017 45236 45655 44890 45587 45351 45351 45657 44576 44576 45259 45699 45504 45658 45658 45659 45389 45389 45406 44778 44778 45660 45660 45122 45662 45336 45465 -9999 45581 45580 45580 45200 45708 45710 45710 45710 45710 45541 45142 45663 45715 -9999 45469 -9999 45731 45698 -9999 45509 45538 45729 45694
46125 46119 46219 46265 46211 46198 46171 45288 45376 46079 45649 45650 45910 45653 45477 45340 45340 -9999 45235 45235 45790 45790 45814 45503 45119 45017 45017 45236 45655 44890 45587 45351 45656 45657 46002 46013 46164 46164 45504 45658 45658 45911 45846 45846 46049 45791 45791 45660 45660 45662 45662 46142 -9999 45912 45912 45976 45974 45200 46004 46004 46007 46007 45914 46080 45142 45866 45761 46081 -9999 -9999 46146 46146 45847 45848 46224 -9999 45694
46125 46219 46219 46265 46265 46198 46171 46306 46681 46079 46678 45910 45910 46646 46631 46631 46145 -9999 46266 45963 45963 46383 46384 46384 46386 46387 46387 46388 46389 44890 46391 46392 46463 46393 46394 46394 46164 46164 45504 46267 46336 46267 46217 46217 46049 46049 46498 46499 46499 46496 46490 46480 45912 45912 45913 45976 45974 46315 46315 46605 46605 46605 46080 46080 46080 45866 46397 46397 46532 46588 -9999 -9999 46501 46425 46539 46637 46527
46745 46745 46842 46698 46689 46686 46686 46305 46851 46851 46975 46976 46976 47039 46724 46785 46145 -9999 46565 46565 46977 46909 46978 46978 46979 46879 46387 46880 46880 44890 46566 46980 46980 46981 46394 46394 46919 46541 46541 46881 46881 46882 46983 46983 46049 46049 46498 46985 46496 46497 46490 46854 46854 45912 45913 47102 45974 46891 46891 46605 46605 46775 46776 46080 46080 45715 46986 46486 46532 46588 46680 46680 -9999 46712 47001 -9999 46899
46745 46745 46842 46698 47079 47079 46686 46851 46851 46851 46975 46976 46976 47039 47039 47184 -9999 -9999 47172 46977 46909 46909 46978 46978 46979 46879 46879 46880 46880 47173 47041 46980 46980 46981 46919 46919 47285 47285 47038 46881 46881 46882 47174 46983 46983 46049 46498 46985 46496 47226 -9999 46854 46854 47080 47080 47102 47102 47315 47315 47308 47309 47309 47103 47103 47103 47175 46986 46486 47286 46588 46680 46894 46894 47180 -9999 -9999 47126
47559 47559 47559 47689 47689 47383 47383 47560 46851 47736 47737 47591 47591 47585 47405 47405 -9999 -9999 47172 47562 47562 46909 46909 47563 47563 47564 47564 47617 47617 47617 47041 47619 47619 47620 47565 47406 47285 47285 47407 47621 47621 47566 47567 47567 47567 47622 47623 47624 47226 -9999 47465 47568 47080 47080 47080 47102 47102 47315 47308 47528 47309 47309 47103 47103 47569 47175 46986 46486 47286 47503 47855 46894 47180 47180 47419 -9999 -9999
48356 47559 48174 48357 48357 48358 47344 47560 47736 48250 48359 47591 48360 47585 47405 47405 -9999 -9999 48035 48036 48072 47895 48028 48028 48361 48362 47739 47739 47617 48363 48203 47619 47619 48364 47565 48365 48366 48366 48367 48368 48368 48369 48370 48370 47622 47622 47740 47624 47226 47465 47712 48133 48134 48134 48134 48135 48135 47315 48136 48136 48137 48137 48138 47939 47939 47943 47951 47951 47286 47503 46509 48074 47856 47695 47695 47769 47909
48565 48565 48685 48357 48358 48358 48686 48566 48491 48824 48359 48360 48360 47405 47405 -9999 -9999 -9999 48035 48429 48072 47895 48028 48028 48361 48362 47739 47739 48568 48203 48203 48364 48364 48364 48365 48365 48366 48366 48367 48368 48368 48369 48370 48370 47622 47622 48371 48073 -9999 47465 48133 48133 48134 48509 48505 48588 48588 48705 48700 48700 48700 48699 48138 47939 47939 47943 47943 47951 48731 48452 48452 48464 48464 47701 48585 48747 48747
49039 49039 48685 49040 49040 49041 49223 49042 49126 48824 48824 48733 48733 47405 47405 -9999 -9999 -9999 48923 49044 48202 48202 49045 49046 49046 49047 49047 49048 49049 49049 48982 48983 48983 49051 49053 49053 48808 48808 49055 49165 49056 49056 49057 49128 49128 48985 48768 48073 49170 49167 49161 49161 49242 49143 49139 49139 49139 48705 48742 48700 49227 48699 48138 47939 48924 47943 47951 47951 48731 48452 48452 48925 48925 47701 47716 48747 48747
49198 49198 49198 49106 49347 49223 49223 49224 49195 49472 49524 48733 48733 49473 49226 -9999 -9999 49140 48035 49044 49474 49474 49474 49045 49047 49047 49047 49048 49049 49049 48982 49352 49052 49052 49712 49053 49644 48808 49713 49165 49056 49056 49475 49475 49128 49545 48073 -9999 49170 49185 49161 49161 49242 49143 49139 49139 49139 48705 48742 49227 49227 49227 49228 49228 48924 48809 49229 49230 49353 49354 49476 49716 48925 49495 49500 49494 49494
50069 -9999 50127 50127 50127 50118 50118 50086 50080 50065 50065 49988 49988 49988 49974 49934 -9999 49840 49844 49844 49850 49850 49850 49852 49856 49856 49858 49858 49859 49859 49862 49864 49864 49864 49712 49712 49644 49644 49713 49713 49714 49715 49715 49475 49545 48073 48073 49170 49167 49167 49161 49161 49143 49143 49139 49139 49777 48705 49645 49645 49227 49227 49646 49228 48809 48809 49229 49230 49353 49825 49354 49716 49716 50093 50093 49599 49599
50069 50487 50209 50127 50512 50118 50080 50080 50065 50065 50065 49988 50189 50189 49974 49934 -9999 50164 50164 50448 50282 50282 50449 50449 49856 50283 50283 49858 50450 50450 50451 49864 49864 49872 50453 50453 49644 49644 50541 49713 50162 50162 50454 49545 49545 48073 -9999 50249 50250 50236 50326 50326 50303 50310 50303 50342 50342 48705 50349 50269 50350 50350 49646 49646 48809 48809 50351 50352 50353 49825 49825 49354 49354 50455 50455 50455 50455
50520 50487 50772 50512 50612 50118 50497 50497 50497 50717 50058 50348 50348 50189 49974 49934 -9999 50718 50718 50803 50804 50282 50449 50449 50719 50719 50283 50569 50450 50450 50451 50451 49864 50805 50453 50453 49644 49644 50541 50162 50162 50766 50454 49545 -9999 -9999 50249 50250 50250 50236 50326 50326 50630 50303 50299 50342 50342 50349 50269 50613 50613 50879 49646 48924 50614 50615 50351 50352 50353 49825 49825 49825 49825 50806 50617 50455 50455
51118 50487 50772 50772 51287 50118 51256 51256 51256 51253 51244 51240 51220 51220 51220 51207 -9999 51185 51316 50803 50804 50804 50892 50892 50994 50719 50719 50995 50996 50996 50878 50878 50878 50805 50997 50998 50999 51186 50541 50766 50766 50766 50766 -9999 51153 51320 51320 51151 51151 51142 51142 51135 51135 51129 51123 51115 51106 50349 51286 50613 50879 51069 51043 50614 51079 51079 50351 51258 50353 49825 51086 51086 51086 51146 51146 50880 50880
51536 51536 51339 51334 51480 51421 51256 51439 51253 51253 51505 51240 51220 51220 51538 51207 -9999 51441 51316 51316 51317 51442 51318 51318 51318 51579 51579 50995 50996 51443 51443 51621 51621 51622 51623 50998 51186 51186 50541 51407 51559 51572 51411 51153 51153 51320 51320 51151 51151 51142 51141 51141 51129 51115 51115 51115 51106 51726 51286 51757 51761 51069 51043 51281 51778 51079 51079 51258 51262 51086 51564 51564 51564 51146 51422 51540 51541
51536 51536 51339 51334 51480 51775 51439 51439 51439 51253 51505 51505 51240 51747 52058 51207 -9999 51441 51316 51316 51748 51442 51442 51318 51318 51579 51834 51834 51443 51443 51443 51965 51621 51622 51749 51877 51186 51186 50541 51407 51407 -9999 51153 51153 51153 51320 51320 51151 51151 51445 51141 51141 52085 51115 51115 51106 51723 51726 51757 51757 51761 51770 51774 51774 51778 51871 51785 51882 51789 51564 51938 51564 51798 51648 51968 51936 51940
52291 52291 52183 52176 52292 51775 52180 52057 52057 52057 51964 51964 52355 52355 52355 52083 -9999 -9999 52356 52356 52357 52358 52358 52294 52294 52295 52163 52163 52163 52297 52442 52298 52299 51622 52300 52301 52302 52303 52304 52195 52178 52060 52060 52360 52360 52361 52361 52363 52363 51445 51141 51141 52341 52341 52423 52409 52409 51726 51757 52061 52061 51770 52365 52365 52365 52352 51785 51882 52508 52347 51938 52305 52028 52028 51968 51968 52444
52853 52853 52855 52642 52643 52180 52180 52180 52057 52531 51964 52925 52355 52355 52355 52083 -9999 -9999 52645 52356 52357 52358 52358 52359 52294 52295 52295 52163 52857 52741 52442 52298 52298 51622 52532 52532 52859 52303 52742 52860 -9999 52060 52060 52881 52881 52361 52361 52777 52777 52771 52766 52766 52453 52453 52409 52409 52672 51726 51757 52743 52061 52533 52365 52365 52365 52352 52352 51882 52508 52792 52792 52305 52028 52646 52744 51968 52444
53167 53167 52855 52642 53025 53264 53264 52180 52924 52531 53265 53265 53265 52355 53267 52083 -9999 -9999 52740 52740 52927 52927 53156 53026 52359 53157 53269 53270 53270 52857 52442 52928 52928 52298 52532 52532 52859 53006 53006 52860 52944 53271 53260 52881 52879 52879 52965 52777 52777 52771 53273 52453 52453 52409 52409 52409 52672 53027 53027 52743 52061 52533 53274 53274 52365 53275 52352 53159 53160 53044 53044 52969 53034 52646 52744 53161 52444
53701 53564 53565 53702 53125 53264 53264 53264 52924 53828 53265 53265 53265 53704 52083 52083 -9999 -9999 53464 52740 52927 52927 53156 53026 53268 53157 53708 53270 53270 53270 52741 53567 53567 53568 53569 53653 53653 53653 53805 53751 -9999 53271 53260 53260 53230 52965 52777 52777 53272 53272 53273 53273 53385 53385 53385 53353 53289 53027 53027 52743 52743 52776 53274 53274 53274 53275 53159 53159 53160 53572 53572 53415 53465 53465 53709 53161 53161
53701 53701 53565 53702 53125 54088 54088 54088 54088 54080 54068 54068 54015 53997 53997 53989 -9999 -9999 53901 52740 52740 53156 53156 53026 53268 53707 53708 53708 53911 54039 52741 53578 53567 53891 53912 53912 53653 53653 53805 53751 53875 -9999 53914 53914 53230 53230 53998 53272 53272 53272 53273 53273 53385 53385 53385 53353 53289 53027 52743 52743 53832 52776 53274 53274 53833 53834 53159 53159 53160 54019 53572 53573 53465 53465 53161 53161 53915
54248 54248 54206 54036 54374 54267 54088 54088 54407 54407 54415 54415 54375 54375 53989 53989 -9999 -9999 53901 54230 54230 54475 54376 54376 54416 53707 54417 54418 54418 54039 54039 54621 54273 54273 53912 53912 54208 54208 54249 54330 53875 54272 54463 54463 54455 54442 54442 54437 54420 54420 54469 54421 54422 54422 54422 54423 53939 54532 54529 54529 53832 54285 54424 54425 54425 54378 53159 54129 54129 54129 54467 54467 54467 54467 54510 54509 54506
54839 54839 54671 54037 54374 54267 54537 54537 54407 54407 54968 54968 54375 54952 54893 54893 -9999 -9999 54230 54230 54689 54689 54689 54376 54376 54737 54943 54943 54418 54039 54039 54487 54894 54895 54621 54840 54841 54841 54842 54330 53875 54605 54604 54455 54455 54442 54622 54437 54752 54752 54750 54749 54749 54739 54739 54739 54865 55007 54860 54896 54285 54285 54424 54425 54488 54378 54402 54129 54129 54639 54711 54711 54712 54712 54509 54713 54713
54957 54957 54671 54037 54037 55023 55192 55014 55193 55193 54968 54968 55339 54952 54893 54893 -9999 -9999 55230 55230 54689 54689 55095 55095 54376 54943 54943 54943 55293 55293 55116 54894 54894 54895 54895 54995 54841 54841 54842 54996 55011 54605 -9999 55275 54455 55246 55246 54437 55294 55294 55259 55259 55259 55111 55111 55111 55102 55104 55105 54896 55296 55296 54424 54424 55297 54378 55299 55300 55096 54997 54711 54711 54712 54712 55194 55049 55049
55469 55469 55501 55655 55655 55023 55192 55014 55657 55657 55339 55339 55339 54952 54893 55660 -9999 -9999 55230 55230 55661 55340 55095 55095 55291 55292 54943 55293 55293 55293 55116 55116 55116 55536 55472 55472 55473 55474 55476 54996 55011 55041 54605 55665 55275 55246 55246 54437 55294 55294 55259 55259 55666 55295 55111 55111 55102 55104 55105 54896 55296 55296 55297 55297 55297 55298 55299 55300 55096 55477 55537 55405 55405 55341 55342 55049 55049
56062 56062 56134 55935 55935 55023 55788 55788 55657 55657 55658 55658 55658 55790 55923 55923 -9999 55989 55925 55925 -9999 -9999 -9999 -9999 -9999 -9999 -9999 -9999 55293 55293 55116 55116 -9999 55664 -9999 -9999 55930 55930 56136 56137 55041 55041 54604 55665 55275 55246 55246 54437 55294 55792 56037 55259 55942 55295 55295 55111 55104 55819 55892 55987 56002 55296 55297 55297 55297 56038 55299 56038 56138 56139 55683 56140 56141 56141 56142 56142 55793
56609 56062 55935 55935 55935 55023 55788 55788 56356 56357 56393 56393 56393 56394 55923 55923 -9999 55989 -9999 56376 56376 56500 56401 56407 56407 56415 56418 56418 56418 56418 56418 56421 56406 56406 56406 -9999 56588 -9999 -9999 56465 -9999 54604 56360 56377 56377 56395 56395 56395 55792 56202 56037 55942 56390 56436 56436 56396 56467 56473 56473 56473 56397 56397 56398 56398 56398 56038 56038 56038 56038 56139 55683 56140 56140 56141 56142 56142 55793
-9999 -9999 55935 55935 55935 -9999 56633 55788 56357 56357 56357 -9999 56843 56843 56636 56636 -9999 55989 -9999 56499 56637 56500 56401 56407 56407 56876 56876 56876 56638 56638 56421 56421 56406 56406 56406 56588 56588 -9999 -9999 54604 56360 56360 56846 56377 56377 56395 56395 56604 56202 56037 56591 56591 56390 56436 56436 56467 56467 56473 56473 56473 56397 56397 56398 56398 56586 56605 56605 56791 56791 56792 55683 56502 56794 56794 55793 55793 56795
57208 57208 57208 57208 57648 57648 -9999 -9999 57701 57701 -9999 -9999 -9999 -9999 57670 57670 -9999 -9999 -9999 57310 57310 57513 57513 56407 57143 57143 56876 56876 57671 56638 57673 57674 56406 57675 57675 -9999 56588 56588 57676 57676 57677 57678 57679 57679 57680 57681 57731 57525 56037 57682 56591 57684 57269 57010 57685 57686 57686 56473 56473 -9999 57649 57649 57650 57564 56586 57153 57153 57153 56792 57461 57455 57454 57551 57551 57443 57445 57445
57726 57726 57798 57979 57648 57648 57648 57700 57701 57701 57727 57727 57727 57728 57670 57799 -9999 57668 -9999 57800 57513 57513 57513 57143 57143 57143 57658 57671 57671 57672 57673 57674 57675 57675 57675 57740 56588 57676 57676 57676 57677 57678 57679 57679 57680 57681 57731 57731 57682 57682 57684 57684 57685 57685 57685 57686 57686 56473 57514 -9999 57649 57649 56586 56586 56586 57153 57153 57153 57461 57461 57457 57457 57474 57474 57443 57445 57445
