data/misc/idu2raster_cs_90m.asc
NCOLS 557
NROWS 401
XLLCORNER 469950.78125
YLLCORNER 4857780.5
CELLSIZE 90
NODATA_VALUE -9999
[rows 306 to 339 of 401, columns 308 to 384 of 557]
58034 58239 57798 57979 57979 57980 57980 57980 57981 57981 58087 58087 58240 58240 57670 58243 -9999 57668 -9999 57983 58244 58244 57984 57984 57984 57658 57936 57671 57672 57674 57674 57674 57675 57675 57675 57740 -9999 56588 57676 57676 57677 57678 57679 57679 57680 57681 57731 58089 -9999 -9999 -9999 -9999 -9999 -9999 -9999 -9999 -9999 -9999 -9999 -9999 57649 58275 58112 58112 58112 58007 58007 58047 58047 58306 58104 58104 58163 58163 58164 58165 58165
58477 58477 58385 58726 58468 58478 58478 58478 58438 58438 58570 58439 58439 58439 58440 58440 -9999 57668 -9999 58479 58479 58479 58479 58480 57984 57984 58481 58406 58406 58406 58454 58454 58455 58455 58455 58482 58500 58540 58467 58467 58483 58598 58598 58598 58610 58612 58597 58486 58486 58487 58488 58488 58489 58489 58489 58469 58410 58410 58410 -9999 58490 58491 58492 58492 58492 58442 58442 58047 58733 58306 58443 58443 58163 58734 58248 58462 58462
58477 58477 58477 58727 58727 58728 58728 58728 58570 58570 58570 58818 58818 58440 58440 58440 -9999 57668 -9999 58821 58821 58821 58821 58776 58776 58776 58622 58406 58406 58406 58454 58506 58455 58455 58455 58500 58500 58540 58540 58467 58823 58598 58598 58610 58824 58612 58597 58486 58487 58487 58775 58488 58489 58489 58489 58731 58731 58410 58410 58732 58490 58490 58492 58492 58492 58573 58573 58733 58733 58733 58443 58443 58734 58734 58462 58462 58462
58477 58477 59400 58727 58727 58728 59402 59333 59333 59333 58570 58818 58818 -9999 58440 59470 -9999 59106 -9999 58821 58821 58821 58821 58776 59297 58776 58776 58622 59403 58406 58454 59404 59405 59405 59405 59385 59385 58987 58540 59353 58823 58598 58610 58824 58824 58612 59407 59408 59408 59408 59409 59410 59411 59411 59412 59413 59413 59337 59338 58732 59415 58490 59416 59416 58573 58573 58972 58594 59366 59363 58914 59179 59123 59123 59339 59114 59114
59675 59400 59400 59401 59401 59467 59676 59333 59333 59556 59442 59442 59557 59558 59558 59589 59585 59591 -9999 59588 59588 59597 59604 59602 59606 59610 59611 59614 59614 59615 59618 59623 59617 59617 59616 59620 59620 59636 59640 59640 59634 59677 58824 58824 58824 58612 59407 59408 59408 59408 59409 59410 59411 59412 59412 59413 59413 59337 59338 58732 59415 59478 59478 59416 59758 58972 59706 59379 59366 59363 58914 59494 59660 59441 59339 59114 59114
59675 59675 59401 60049 59676 59676 59676 59333 59940 59940 59442 59483 59483 60051 60051 59589 59987 59987 -9999 59969 59969 59597 59604 59602 59778 59610 59611 59611 59731 59615 59618 59623 59617 59617 59943 60052 59637 59636 59640 59640 59634 59677 60064 60064 60064 60065 60065 60066 60066 60068 60070 60074 60077 60077 60077 60079 60078 60075 60075 -9999 59415 59478 59478 60053 59758 59758 59878 59877 59866 59866 59866 59785 59660 59660 59846 59760 59760
60280 60280 60049 60049 60199 60140 60140 60140 60358 60281 59483 60252 59993 60051 60051 -9999 60421 60417 -9999 -9999 60384 60423 60427 60428 60429 60430 60431 60432 60435 60435 60435 60438 60444 60444 60444 60444 60460 -9999 60465 60465 60454 59677 60103 60064 60064 60065 60065 60066 60068 60068 60070 60275 60282 60282 60282 60283 60283 60284 60284 60284 60285 60286 60053 60053 60053 59758 60216 59878 59878 59878 60269 60410 60361 60361 60363 60143 60143
60280 60280 60762 60762 60762 60762 60140 60140 60358 60358 60359 60359 59993 60805 60805 -9999 60421 60417 60417 -9999 60807 60593 60427 60428 60429 60430 60431 60432 60433 60438 60438 60438 60444 60444 60444 60725 60460 60465 60465 60465 60454 60798 60103 60064 60490 60490 60490 60716 60716 60070 60451 60275 60765 60529 60529 60283 60530 60284 60284 60202 60286 60286 60142 60142 60053 59758 60216 60603 60603 59878 60531 60655 60655 60361 60607 60143 60143
61026 61026 60762 60762 60762 60762 60140 60140 61183 61183 61184 60359 59993 60850 60804 -9999 61145 61148 60417 -9999 61144 61150 61153 61154 61157 61160 61161 61161 61162 61163 61165 61165 61166 61166 61166 61173 61179 -9999 61169 61169 61169 60798 60103 61114 61027 61027 61027 61027 61027 60451 60451 61186 60765 61115 61187 61188 61189 61190 61190 60202 61191 61191 61176 60142 61029 60738 60216 60886 60603 60603 61042 61042 61042 61042 60985 61116 61116
61026 61026 61314 61234 61234 61235 61236 61236 61183 61183 59993 59993 59993 61239 60801 61355 61355 61148 60417 -9999 61150 61334 61251 61434 61157 61424 61161 61162 61162 61163 61185 61165 61166 61166 61166 61173 61173 -9999 61550 61169 61169 60800 60103 61315 61315 61027 61027 61027 61206 60451 61186 60765 61630 61187 61187 61188 61189 61190 61190 60202 61191 61191 61176 61240 61029 61029 60216 60216 60886 60886 61042 61262 61262 61262 61529 61116 61192
61914 61314 61746 61747 61747 61747 61752 61752 61756 61756 61757 61758 61647 61761 61762 -9999 61355 61941 -9999 -9999 61571 61922 61922 61434 61933 61424 61161 61162 61162 61163 61185 61185 61591 61166 61166 61626 61626 61173 -9999 -9999 -9999 -9999 61847 -9999 61637 61638 61638 61804 61627 61628 61630 61630 61630 61634 61634 61664 61663 61663 61663 60202 60202 61191 61980 61240 61240 61029 61918 60216 61826 61648 61623 61623 61642 61262 61560 61529 61192
62037 62037 62037 62038 62038 62238 61752 62239 61901 61757 61757 61758 61647 62290 61762 62358 61941 61941 61941 -9999 61922 61922 61922 62177 61933 61935 61943 61928 61928 61902 62019 62019 62004 61591 61591 61626 61626 61173 61945 62013 62013 -9999 62216 -9999 61637 61638 61903 61903 61627 61627 61904 62073 62191 62191 61634 62240 62206 62206 62206 61998 61998 61980 61980 61946 61946 61932 61999 61918 61930 61930 62071 62071 62009 62009 62040 62041 61192
62037 62037 62037 62038 62333 62238 62238 62239 61901 61757 62450 61647 62290 62290 62290 62358 61941 61941 -9999 -9999 61922 61922 61922 62177 62352 61935 61943 61928 61928 62267 62019 62019 62770 62004 61626 61626 61626 62307 61945 62013 62013 62359 62216 62350 62351 62351 62351 61903 62542 62428 61904 62073 62191 62191 62191 62413 62206 62206 62206 62489 62489 62472 62472 62467 62467 62461 61999 62205 61930 61930 62335 62071 62009 62040 62040 62041 62553
62771 62822 62822 62789 62789 62790 62790 62792 62792 62800 62803 62803 62779 62779 62779 62786 62786 62787 -9999 62783 62781 62782 62782 62776 62776 62784 62785 62785 62793 62794 62780 62770 62770 62770 62765 62759 62760 62795 62764 62764 62831 62359 -9999 62350 62351 62351 62351 62824 62824 62428 62924 62924 62936 62936 62936 62413 62767 62767 62773 62489 62489 62472 62472 62994 62938 62939 61999 62205 62825 62825 61930 62861 62899 62040 62040 62553 62553
62822 62822 62822 62789 62789 62790 62790 62792 62792 62803 62803 62803 63096 63082 -9999 63260 63260 62787 -9999 62783 62975 62975 63066 63066 63066 63343 62907 62785 62785 63317 62794 62890 62890 62890 62765 62759 62760 62795 62795 62764 62831 62359 63214 63214 63219 63224 63224 63232 63233 63231 63227 63227 63227 63226 63226 63238 63238 63280 63344 63201 63215 62472 62994 62938 62938 63262 62995 62995 62825 62825 61930 62861 62899 63016 63016 63101 62553
62822 62822 62822 63491 63491 63494 63494 63499 63499 63510 63510 63520 63502 63502 63374 63374 63260 63260 -9999 62783 62975 62975 63066 63066 63066 63343 62907 62907 62785 63317 63317 63317 62890 62890 63602 62765 62760 62760 62795 62795 62359 62359 63214 63214 63219 63224 63224 63232 63233 63227 63227 63227 63227 63226 63226 63238 63238 63280 63280 63443 63560 62472 62994 62938 62938 63262 62995 62995 62825 63393 61930 63504 63504 63561 63101 63101 63101
63644 63793 63793 63491 63491 63494 63494 63494 63499 63906 63906 63906 64107 64107 63650 63650 63794 63794 -9999 62783 62783 63795 63796 64029 64029 63559 63761 63761 62785 63931 63931 63931 63931 63931 63602 63602 62765 64040 62760 62795 63987 -9999 63214 63214 -9999 63828 63828 63829 63830 63831 63832 63832 63832 63834 63834 63646 63835 63798 63745 63745 63560 63799 63800 63800 63262 63262 63889 63878 63878 63876 63876 63870 63868 63862 63862 64166 63877
64391 64400 64400 64401 64401 64402 64402 64421 64424 64427 64428 64399 64107 64107 64454 64454 64451 64461 -9999 -9999 64443 -9999 64436 64436 64436 -9999 64473 64474 63931 63931 64485 64472 63931 64466 64471 64465 64467 64040 64468 64463 63987 -9999 -9999 63214 63219 64095 63828 63830 63830 63830 63832 63832 63832 64389 64389 64389 64404 64411 64417 63560 64124 63799 63800 64050 64050 63262 63889 63889 63889 63876 63876 63870 64168 64167 64166 64166 64165
64391 64400 64400 64401 64401 64402 64402 64421 64424 64427 64428 64399 64620 64620 64454 64451 64451 64588 -9999 64448 64448 64594 64594 64490 64490 64490 64707 64474 64487 64487 64485 64485 64469 64469 64471 64729 64729 64731 64731 64463 -9999 64554 63219 63219 64429 64613 64732 63830 64733 64723 64499 64499 63832 64389 64734 64735 64735 64417 64417 64656 64652 64642 64736 64736 64736 64576 64576 63889 63889 63876 63876 64737 64168 64167 64166 64368 64166
64960 64960 64400 65118 65122 65123 65123 65158 65161 -9999 65159 -9999 65157 -9999 64454 64451 64671 64671 -9999 64448 65061 64994 64594 64945 64490 65144 64707 64707 64707 64487 64472 64472 64469 64469 64471 64729 64729 64731 64731 -9999 -9999 64794 65002 65015 65026 65032 65032 65027 65027 65027 65031 65031 64684 64684 64734 64735 64735 65065 64662 64652 64652 64947 65073 64736 64736 64576 64576 64914 65030 63876 63876 64737 65162 64168 64166 64368 65172
65231 65232 65233 65122 65178 65123 65123 65158 65161 65159 65159 65159 65352 65352 64451 65234 65330 65235 65143 65143 65061 64994 65368 65368 65236 65144 65194 65194 65194 65146 65146 64472 65450 65450 64471 64729 65213 65213 65156 -9999 64794 64794 65002 65015 65026 65264 65032 65027 65027 65027 65031 65031 65031 65348 65348 65360 65357 65355 65355 65355 64947 64947 65073 65073 64736 65332 65332 64914 65076 65168 65169 65169 65162 65162 65166 65170 65170
65232 65594 65122 65122 65178 65536 65123 65158 65161 65159 65159 65159 65664 65664 65756 65234 65330 -9999 65539 65539 65539 65368 65368 65368 65368 65331 65529 65529 65597 65530 65530 65450 65450 65450 65453 65598 65213 65156 65156 -9999 64794 64794 65654 65015 65032 65032 65264 65599 65599 65599 65600 65600 65560 65348 65348 65360 65669 65357 65355 65355 65602 65602 65603 65603 65603 65332 64914 64914 65076 65074 65678 65680 65162 65522 65522 65605 65605
65840 65638 65638 65974 65974 65981 65981 65981 65988 65985 65985 65985 65989 65756 65756 65756 65753 65753 65760 65760 66042 65745 65745 65745 66008 66083 65984 66010 66010 65450 65450 65450 65450 65972 66087 65866 65864 65861 -9999 65673 65673 65858 65654 65015 65943 65032 65550 65655 65655 65599 65600 65560 65842 65348 65360 65360 65669 65669 65355 -9999 65602 65602 66101 66082 66082 65332 64914 65844 65076 65678 65678 65680 65725 65522 65522 65726 65700
65638 65638 65979 65974 66025 65981 65988 65988 65988 66095 66201 -9999 65989 66156 66156 66156 65753 -9999 66091 66091 66042 66121 66121 66008 66008 66083 65984 66180 66180 66073 66144 66141 66073 66304 65866 65864 65864 -9999 66128 66128 66164 66266 66266 66256 66306 66306 66306 66354 66300 66287 66287 66292 66290 66290 66290 66290 66290 66347 66349 -9999 66096 66099 66101 66336 66336 66137 66137 66143 66165 66228 66228 66454 66454 65725 66100 66100 66100
65638 66131 65979 66590 66591 66496 66662 66334 66334 65986 66201 66645 66645 66527 66089 66089 65753 -9999 66091 66091 66675 66592 66121 66121 66691 66740 66483 66483 66180 66180 66073 66560 66073 66304 66303 66303 65864 66580 66439 66575 66458 66266 66266 66293 66306 66641 66354 66354 66300 66300 66537 66292 66460 66639 66598 66599 66562 66347 66347 66637 66099 66099 66101 66336 66336 66204 66542 66302 66165 66228 66228 66454 66454 66627 66572 66100 66100
66937 66821 66816 66825 66829 66886 66662 66662 66334 65986 66761 67086 67086 66527 66089 67077 65753 -9999 65760 66914 66793 66592 66764 66764 66740 66740 66830 66830 66696 66696 66073 66765 66888 66304 66303 66303 -9999 66580 66580 66575 66266 66266 67054 66293 66640 66641 66354 66354 66865 66300 66537 66292 66598 66598 66598 66562 66562 67132 66347 67042 67042 66336 66336 66336 66336 66204 67079 66302 66165 66228 66786 66786 66454 66724 66627 -9999 66916
67029 67386 67387 67394 67400 67369 67370 67370 67370 67373 67373 67380 67380 67392 67392 67392 67392 -9999 66914 66675 67276 67384 67385 67388 67378 67377 66830 67157 67157 67433 67186 66073 66888 66073 67158 67158 65864 -9999 67238 66575 66266 66266 67054 66293 67313 67319 67319 67304 67304 67304 66300 66292 67229 67229 67230 67210 67210 67132 67132 67309 67042 67127 67232 67233 67233 67234 67345 66302 66165 67278 67046 67119 67119 66724 66724 67200 67200
67653 67386 67387 67387 67697 67620 67620 67370 67685 67685 67685 67380 67380 67392 67392 67392 67399 -9999 65760 65760 67658 67384 67385 67388 67560 67796 67757 67757 67759 67759 67433 67760 67760 67760 67764 67774 -9999 66439 67238 66575 67547 67202 67202 66293 67313 67319 67319 67304 67304 67410 67298 67575 67230 67230 67230 67210 67197 67132 67309 67622 67797 67623 67233 67233 67234 67624 67345 66302 67443 67443 67278 67119 67119 67119 67448 67448 67449
67932 67928 68086 67948 67948 68058 67957 68055 68061 68061 68061 67845 67845 67849 67849 67846 67846 -9999 67911 67911 67658 67384 67385 67388 67665 67796 67757 67757 67759 67759 67759 67759 67760 67760 67764 67774 -9999 68152 68152 66575 66575 67938 67938 67198 68115 68116 68150 67304 67891 67891 67575 67575 68202 68213 67230 67210 67197 -9999 67309 67622 67797 68081 68118 68118 68118 68118 68082 67829 67700 67824 67443 67668 67668 67837 67815 68090 67448
67932 67928 68086 68086 68415 68317 68317 68055 68061 68061 68061 68432 67849 67849 67849 67846 68231 -9999 67911 67911 67906 67384 67385 67388 68291 68136 67757 67757 68363 68363 68364 68364 68368 68368 68374 -9999 68152 68152 68152 68196 68206 68367 67938 68346 68150 68116 68150 68399 67891 68224 68224 68183 68213 68213 68221 68221 68226 67622 67622 67797 68081 68081 68118 68118 68293 68293 68295 68295 67700 67824 67824 67443 67815 67815 68090 68222 68222
68622 68623 68656 68662 68886 68708 68708 68632 68621 68621 68621 68699 68707 68707 68710 68670 68727 -9999 68726 68718 68705 68700 67388 68511 68136 68136 67757 67757 68363 68363 68364 68368 68368 68373 -9999 68468 68468 68152 68152 68196 68206 68367 68367 68346 68150 68150 68150 68399 68399 68734 68505 68820 68213 68213 68221 68221 -9999 67622 67797 68494 68081 68495 68402 68402 68293 68463 68463 67829 67700 67700 67824 68792 67815 68090 68737 68222 68222
69211 -9999 69224 69217 69235 -9999 69227 69227 -9999 -9999 -9999 68699 -9999 69308 68710 69333 -9999 -9999 68827 68898 69252 68700 68996 68996 68996 68992 69219 69225 68936 68936 68937 69225 69225 68373 -9999 69237 68468 68468 68938 68938 68939 68367 68367 68917 68917 68855 68150 69082 68399 68822 68822 68820 68213 68213 68221 -9999 68657 67797 68494 68081 68495 69019 68941 68941 68733 68733 68942 68998 67829 67700 67700 68904 68904 68090 68737 68737 68995
69229 69220 69413 69413 69432 69529 69524 69521 -9999 -9999 -9999 69390 69308 69308 69315 69333 -9999 69298 69300 69300 69252 68700 69002 69223 69443 69440 69225 69225 69414 69414 69414 69506 69522 69430 -9999 69237 69237 69287 69287 69365 69200 69200 68367 68917 69282 69282 69282 69082 69266 69032 68822 68820 69412 68213 69517 69497 69502 69321 69321 69321 69321 69019 68941 69295 69295 68733 68942 68998 68998 67700 69231 68904 68904 69345 69369 69509 68995
69903 69872 69872 70023 69862 -9999 -9999 -9999 -9999 -9999 -9999 69942 69857 70011 70013 70013 -9999 69950 69941 69907 69907 70019 69866 69775 69440 69440 69842 69414 69414 69506 69506 70077 69522 69430 -9999 69237 69287 69287 69287 69820 69200 69200 68917 68917 69282 69282 69282 69814 69812 69810 69810 69808 69808 69808 -9999 70014 69983 69954 69954 69954 69770 69770 69998 69295 69295 69980 68942 69848 70007 69660 69231 69231 68904 69369 69369 69509 69509
